49
52
53
47
51
48
51
45
31
34
34
34
33
35
33
28
35
30
31
37
29
26
30
43
37
40
32
36
41
38
44
58
52
57
40
35
41
40
40
58
42
46
42
50
36
35
34
36
44
39
42
41
46
47
49
44
48
29
31
34
32
30
26
35
29
30
30
29
30
40
33
39
33
36
38
37
59
42
35
38
35
56
51
56
50
47
52
44
48
46
47
48
48
43
45
45
44
46
39
36
30
33
33
41
44
39
43
41
40
37
39
42
42
41
38
41
42
38
56
59
52
48
48
52
41
50
30
32
30
33
31
33
33
52
50
55
58
57
56
57
55
55
53
49
55
42
38
34
39
43
43
38
36
30
54
51
53
50
46
46
48
49
46
53
51
57
56
50
51
46
52
49
42
38
38
41
41
37
49
46
45
44
36
36
42
39
36
37
42
40
49
50
41
52
39
39
38
39
39
37
54
55
51
58
54
52
35
41
40
42
39
46
49
38
41
46
47
40
36
43
44
43
43
36
41
37
36
58
58
54
56
57
59
52
57
50
49
47
55
55
52
55
53
57
55
56
50
57
50
57
54
58
56
56
58
57
55
53
48
54
44
46
47
50
50
47
43
41
56
57
48
47
54
52
53
47
55
46
56
54
54
53
36
39
33
49
39
44
33
30
31
27
28
26
27
55
56
55
59
54
53
51
55
55
58
57
34
41
41
35
44
44
42
39
38
32
39
48
43
44
42
35
37
45
38
35
44
33
42
34
36
38
38
31
53
53
56
55
52
50
60
49
58
47
49
54
51
44
41
34
33
38
39
36
32
38
34
40
35
43
51
50
58
49
51
38
52
49
51
54
42
40
45
38
40
48
34
39
40
36
34
35
45
48
46
44
45
40
42
46
44
38
41
33
43
38
36
33
45
42
41
40
36
38
42
35
39
29
37
30
42
54
59
45
41
46
41
45
55
55
56
56
39
35
37
34
41
40
33
38
46
34
49
40
48
42
40
42
48
48
48
46
52
50
47
40
38
35
36
35
39
43
40
44
42
45
48
48
51
48
41
34
35
43
39
45
32
42
42
51
50
46
60
57
51
56
60
54
49
57
53
52
49
50
42
45
50
49
49
39
36
37
40
34
38
33
33
37
32
48
40
45
34
43
27
32
37
30
34
36
35
38
33
35
28
31
30
28
32
31
56
56
53
57
56
56
56
59
57
56
58
55
35
39
40
34
29
38
56
39
33
28
32
35
35
40
38
39
32
32
35
33
35
32
33
57
58
48
58
48
57
52
52
52
53
49
54
55
56
56
56
53
56
59
42
36
41
43
41
36
44
42
46
42
41
42
43
43
48
51
47
46
